-6 792 228
-4 546 174
-3 944 308
-2 981 81
-1 217 1
1 217 1
2 981 81
3 944 308
4 546 174
6 792 228
nUniMod=6960
nRtypes=6960
nFinite=1584
-6 15000 1596
-4 11166 2694
-3 10940 1916
-2 12669 321
-1 11281 1
1 11281 1
2 12669 321
3 10940 1916
4 11166 2694
6 15000 1596
nUniMod=135408
nRtypes=122112
nFinite=13056
-6 127752 9660
-4 72858 8814
-3 74708 9572
-2 82053 825
-1 106345 1
1 106345 1
2 82053 825
3 74708 9572
4 72858 8814
6 127752 9660
nUniMod=1281648
nRtypes=927432
nFinite=57744
-6 412464 20988
-4 243762 23310
-3 229412 20732
-2 277365 1689
-1 411793 1
1 411793 1
2 277365 1689
3 229412 20732
4 243762 23310
6 412464 20988
nUniMod=5194416
nRtypes=3149592
nFinite=133440
